<?xml version="1.0" encoding="utf-8"?>
<!-- Created by Ghost Ninja(Technologx) https://technologx.com -->
<!-- All rights have been given to James for use in this project! -->
<vector xmlns:android="http://schemas.android.com/apk/res/android"
    android:width="900.000000dp"
    android:height="681.000000dp"
    android:viewportWidth="900.000000"
    android:viewportHeight="681.000000">

    <group
            android:translateY="681.000000"
            android:scaleX="0.100000"
            android:scaleY="-0.100000">
        <path
            android:fillColor="#000000"
            android:strokeWidth="1"
            android:pathData="M4170 3063 c-111 -16 -225 -39 -295 -58 -109 -30 -286 -89 -291 -97 -3 -4 -12 -8
-21 -8 -16 0 -258 -118 -308 -150 -16 -11 -37 -23 -45 -27 -77 -37 -297 -209 -411
-322 -85 -85 -113 -120 -139 -176 -32 -68 -33 -74 -33 -200 l0 -130 39 -80 c55
-113 142 -194 264 -245 52 -22 281 -20 337 3 66 26 127 67 190 128 110 105 252 203
388 268 39 19 79 38 90 44 11 6 33 14 50 18 16 4 44 12 60 17 276 95 614 95 890 0
17 -5 44 -13 60 -17 17 -4 39 -12 50 -18 11 -6 52 -25 90 -44 134 -64 277 -162 385
-265 75 -71 95 -86 164 -119 100 -46 265 -53 366 -14 36 14 119 65 156 97 36 31 95
115 120 170 21 48 24 69 24 183 0 130 -1 134 -49 239 -23 49 -209 233 -329 324 -56
42 -103 76 -106 76 -3 0 -33 19 -68 43 -81 54 -88 57 -211 118 -56 28 -111 56 -121
61 -11 6 -31 14 -45 18 -14 5 -51 18 -81 30 -30 12 -68 25 -85 30 -16 5 -43 13 -60
18 -98 33 -238 63 -400 86 -138 20 -488 20 -625 -1z" />
        <path
            android:fillColor="#000000"
            android:strokeWidth="1"
            android:pathData="M4385 1265 c-27 -8 -58 -14 -69 -15 -38 0 -201 -90 -251 -138 -134 -128 -199 -259
-210 -425 -10 -156 12 -253 91 -397 33 -62 166 -187 224 -213 8 -4 22 -11 30 -15
86 -49 120 -56 290 -56 170 0 204 7 290 56 8 4 22 11 30 15 58 26 191 151 224 213
79 144 101 241 91 397 -11 166 -76 297 -210 425 -48 46 -214 138 -248 138 -9 0 -42
7 -74 15 -70 18 -142 18 -208 0z" />
    </group>
</vector>
