<?xml version="1.0" encoding="utf-8"?>
<!-- Created by Ghost Ninja(Technologx) https://technologx.com -->
<!-- All rights have been given to James for use in this project! -->
<vector xmlns:android="http://schemas.android.com/apk/res/android"
    android:width="900.000000dp"
    android:height="681.000000dp"
    android:viewportWidth="900.000000"
    android:viewportHeight="681.000000">

    <group
            android:translateY="681.000000"
            android:scaleX="0.100000"
            android:scaleY="-0.100000">
        <path
            android:fillColor="#000000"
            android:strokeWidth="1"
            android:pathData="M8405 6379 c-291 -220 -551 -418 -577 -440 -42 -36 -78 -87 -78 -111 0 -16 -124
-125 -182 -161 -16 -10 -39 -26 -50 -37 -12 -11 -40 -32 -62 -47 -23 -15 -43 -30
-46 -33 -20 -22 -99 -80 -109 -80 -6 0 -11 -4 -11 -8 0 -11 -194 -153 -261 -191
-31 -17 -63 -31 -72 -31 -31 0 -18 -16 36 -44 28 -15 66 -36 82 -47 17 -10 39 -23
50 -29 11 -6 34 -19 50 -30 17 -11 37 -23 45 -27 8 -4 42 -25 75 -47 34 -23 68 -45
77 -51 80 -49 343 -242 398 -291 14 -12 61 -53 105 -91 100 -85 144 -125 257 -236
49 -48 99 -92 111 -97 12 -6 29 -14 37 -18 8 -5 26 -15 40 -22 79 -42 305 -45 365
-4 11 8 26 14 33 14 37 0 212 171 212 208 0 5 7 23 16 41 12 24 16 65 16 180 0 148
-6 182 -43 241 -5 8 -13 24 -18 35 -13 30 -348 350 -438 419 -28 21 -63 50 -110 94
-13 12 -28 22 -32 22 -4 0 -20 11 -35 25 -36 33 -223 175 -231 175 -4 0 -33 20 -65
45 -32 25 -61 45 -63 45 -7 0 -109 69 -129 87 -24 21 -23 30 6 37 26 6 184 110 231
152 17 14 41 34 55 43 14 8 50 35 80 59 63 49 59 46 125 95 28 20 55 40 60 45 6 4
93 70 195 147 327 246 394 297 422 320 l27 22 -25 12 c-14 6 -28 11 -32 10 -4 0
-245 -180 -537 -400z m-568 -716 c191 -110 622 -456 853 -684 73 -73 110 -120 158
-201 34 -58 62 -117 62 -130 0 -35 -97 -186 -160 -248 -76 -76 -150 -104 -257 -98
-56 3 -95 12 -137 31 -65 30 -87 47 -207 161 -248 235 -567 483 -849 658 -132 82
-146 115 -70 163 22 14 49 38 61 55 13 16 28 30 34 30 7 0 26 14 43 30 18 17 38 30
45 30 8 0 26 14 40 30 15 17 33 30 41 30 8 0 16 4 18 8 5 14 135 112 148 112 7 0
10 7 6 15 -3 10 1 15 14 15 10 0 22 5 25 10 12 20 83 10 132 -17z" />
        <path
            android:fillColor="#000000"
            android:strokeWidth="1"
            android:pathData="M3925 6758 c-181 -11 -328 -26 -365 -37 -19 -6 -56 -11 -81 -11 -26 0 -63 -7 -82
-15 -20 -8 -58 -15 -84 -15 -26 -1 -59 -7 -73 -15 -14 -8 -42 -14 -63 -15 -21 0
-54 -7 -74 -15 -19 -8 -52 -15 -72 -15 -20 -1 -47 -7 -61 -15 -14 -8 -37 -14 -52
-15 -15 0 -42 -6 -60 -14 -33 -14 -92 -30 -160 -45 -21 -5 -43 -13 -50 -18 -7 -6
-26 -13 -43 -16 -35 -6 -89 -24 -128 -43 -16 -8 -38 -14 -50 -14 -12 0 -31 -7 -41
-15 -11 -8 -29 -15 -41 -15 -12 0 -30 -7 -41 -15 -10 -8 -28 -15 -39 -15 -11 0 -29
-7 -39 -15 -11 -8 -30 -15 -42 -15 -12 0 -27 -7 -34 -15 -7 -8 -23 -15 -35 -15 -12
0 -28 -7 -35 -15 -7 -8 -23 -15 -35 -15 -12 0 -28 -7 -35 -15 -7 -8 -23 -15 -35
-15 -12 0 -28 -7 -35 -15 -7 -8 -20 -15 -30 -15 -10 0 -23 -7 -30 -15 -7 -8 -18
-15 -25 -15 -8 0 -26 -7 -42 -14 -15 -8 -35 -18 -43 -21 -8 -3 -28 -14 -45 -25 -16
-11 -37 -23 -45 -26 -8 -3 -19 -8 -25 -10 -5 -2 -19 -9 -30 -16 -37 -21 -50 -28
-60 -32 -5 -2 -17 -7 -25 -10 -8 -3 -28 -15 -45 -26 -16 -11 -39 -24 -51 -29 -34
-15 -129 -75 -132 -83 -2 -4 -9 -8 -16 -8 -7 0 -31 -12 -53 -27 -54 -38 -76 -52
-93 -60 -8 -3 -31 -19 -51 -35 -20 -15 -40 -28 -43 -28 -9 0 -63 -39 -96 -67 -13
-13 -28 -23 -33 -23 -10 0 -191 -137 -238 -179 -18 -17 -38 -31 -44 -31 -6 0 -18
-8 -26 -17 -19 -21 -62 -60 -102 -89 -92 -70 -424 -388 -438 -419 -5 -11 -13 -27
-18 -35 -35 -57 -42 -92 -42 -225 0 -139 7 -201 22 -211 5 -3 9 -12 9 -20 0 -42
171 -214 212 -214 7 0 22 -6 33 -14 60 -41 286 -38 365 4 14 7 32 17 40 22 8 4 25
12 36 17 12 6 56 43 97 83 176 172 189 183 416 371 53 43 43 35 146 112 76 57 177
128 213 150 9 6 43 28 77 51 33 22 67 43 75 47 8 4 29 16 45 27 17 11 39 24 50 30
11 6 34 19 50 30 17 10 53 30 80 45 48 25 66 34 103 55 9 6 24 13 32 16 8 3 22 10
30 15 8 5 22 12 30 15 8 3 22 10 30 15 8 5 22 12 30 15 8 3 22 10 30 15 8 5 22 12
30 15 15 5 49 20 115 49 19 8 52 22 73 31 20 9 50 23 65 30 16 8 36 14 45 14 9 0
26 7 36 15 11 8 29 15 41 15 12 0 30 7 41 15 10 8 29 15 41 15 12 0 34 6 50 14 36
18 88 36 133 46 19 4 50 13 68 19 17 6 47 16 65 22 17 6 54 15 81 20 27 4 54 13 60
19 5 5 25 10 43 10 19 0 50 7 70 15 19 8 54 15 77 15 22 1 52 7 66 15 14 8 48 15
75 15 28 1 68 7 90 15 22 8 63 15 90 15 28 0 68 5 90 11 22 6 99 14 170 19 72 5
164 13 205 19 41 6 176 10 300 10 124 0 259 -4 300 -10 41 -6 134 -14 205 -19 72
-5 148 -13 170 -19 22 -6 63 -11 90 -11 28 0 68 -7 90 -15 22 -8 63 -14 90 -15 28
0 61 -7 75 -15 14 -8 44 -14 66 -15 23 0 58 -7 77 -15 20 -8 49 -15 66 -15 16 0 42
-7 57 -15 16 -8 43 -15 59 -15 17 -1 41 -7 55 -15 14 -8 39 -15 55 -15 17 0 39 -7
49 -15 11 -8 31 -15 44 -15 13 0 33 -5 45 -12 12 -6 35 -15 52 -19 43 -10 96 -29
127 -45 14 -8 35 -14 45 -14 11 0 28 -7 39 -15 10 -8 27 -15 36 -15 9 0 29 -6 45
-14 15 -7 44 -20 63 -28 19 -8 52 -22 73 -31 20 -9 54 -24 75 -33 20 -10 44 -21 52
-26 8 -4 22 -11 30 -14 8 -3 41 -19 73 -35 31 -16 62 -29 69 -29 12 0 37 -30 38
-45 0 -6 -16 -17 -36 -24 -41 -15 -634 -458 -706 -528 -27 -25 -48 -54 -48 -64 0
-22 -78 -104 -132 -140 -21 -13 -38 -27 -38 -31 0 -3 -17 -17 -37 -29 -21 -13 -42
-29 -46 -36 -4 -7 -12 -13 -18 -13 -5 0 -22 -11 -37 -25 -15 -14 -42 -35 -61 -47
-18 -12 -45 -32 -59 -45 -14 -13 -42 -33 -61 -45 -20 -12 -40 -27 -46 -33 -20 -22
-93 -75 -104 -75 -6 0 -11 -4 -11 -9 0 -5 -26 -26 -57 -47 -32 -22 -64 -44 -70 -51
-7 -6 -40 -24 -73 -40 -32 -15 -59 -31 -59 -35 -1 -14 78 -48 111 -48 18 -1 44 -7
58 -15 14 -8 39 -14 56 -15 16 0 39 -7 50 -15 10 -8 31 -15 45 -15 14 0 34 -7 45
-15 10 -8 30 -15 44 -15 14 0 34 -7 44 -15 11 -8 28 -15 37 -15 10 0 30 -6 46 -14
15 -8 46 -22 68 -32 22 -9 47 -21 55 -26 8 -4 22 -11 30 -14 20 -8 151 -73 170 -84
8 -5 22 -11 30 -14 8 -4 29 -15 45 -26 17 -11 39 -24 50 -30 11 -6 34 -19 50 -30
17 -11 37 -23 45 -27 8 -3 31 -19 51 -35 20 -15 40 -28 43 -28 8 0 205 -148 221
-165 6 -6 30 -27 55 -47 56 -45 96 -81 183 -166 70 -67 81 -75 152 -109 97 -47 228
-65 290 -39 20 9 45 16 54 16 52 0 225 127 252 185 5 11 20 38 34 60 13 22 24 50
25 61 0 12 7 38 15 57 8 20 15 61 15 92 0 31 -7 72 -15 92 -8 19 -15 44 -15 54 0
41 -66 142 -145 222 -88 89 -203 194 -275 251 -117 94 -240 186 -247 186 -5 0 -21
12 -38 28 -32 29 -60 48 -87 58 -10 3 -18 10 -18 14 0 4 -10 12 -22 19 -13 6 -36
20 -53 31 -16 11 -39 24 -50 30 -11 6 -33 19 -50 30 -16 10 -53 30 -82 44 -28 15
-55 31 -58 36 -3 6 -13 10 -21 10 -9 0 -22 7 -30 15 -9 8 -24 15 -33 15 -10 0 -24
7 -31 15 -7 8 -20 15 -30 15 -10 0 -23 7 -30 15 -7 8 -18 15 -25 15 -8 0 -26 6 -42
14 -39 20 -95 44 -115 50 -34 10 -18 33 54 76 39 23 76 46 82 51 47 40 60 49 65 49
3 0 24 16 46 35 22 20 58 48 80 63 22 15 42 30 45 33 3 3 77 60 165 126 170 128
215 166 219 186 13 59 44 90 246 242 80 60 147 111 150 114 3 4 23 18 45 33 22 15
53 39 69 53 16 14 32 25 35 25 3 0 18 11 32 24 42 39 157 116 204 137 29 13 42 24
39 34 -5 11 -157 107 -204 129 -8 3 -28 15 -45 26 -16 11 -37 22 -45 26 -8 3 -22
10 -30 15 -8 5 -22 12 -30 15 -8 3 -22 9 -30 14 -8 5 -37 21 -65 35 -27 14 -57 29
-65 33 -48 27 -83 42 -95 42 -7 0 -18 7 -25 15 -7 8 -20 15 -30 15 -10 0 -23 7 -30
15 -7 8 -23 15 -35 15 -12 0 -28 7 -35 15 -7 8 -23 15 -35 15 -12 0 -28 7 -35 15
-7 8 -23 15 -35 15 -12 0 -28 7 -35 15 -7 8 -22 15 -34 15 -12 0 -31 7 -42 15 -10
8 -28 15 -39 15 -11 0 -29 7 -39 15 -11 8 -28 15 -39 15 -10 0 -31 6 -45 14 -31 16
-84 35 -127 45 -17 4 -40 13 -52 19 -12 7 -32 12 -45 12 -13 0 -29 5 -35 11 -6 6
-29 15 -50 20 -69 15 -127 31 -161 45 -18 8 -45 14 -60 14 -15 1 -38 7 -52 15 -14
8 -43 15 -65 15 -22 0 -51 7 -65 15 -14 8 -45 15 -70 15 -25 0 -56 7 -70 15 -14 8
-47 14 -73 15 -26 0 -64 7 -84 15 -19 8 -56 15 -82 15 -25 0 -71 7 -101 15 -30 8
-83 15 -117 15 -34 0 -84 5 -110 10 -55 12 -1077 19 -1248 8z m700 -44 c55 -9 138
-22 185 -30 89 -15 322 -48 450 -64 257 -32 671 -117 900 -185 226 -67 273 -82 375
-120 39 -15 81 -30 95 -35 32 -10 219 -86 330 -134 140 -61 434 -211 504 -257 39
-25 66 -50 66 -60 0 -10 -16 -27 -35 -39 -19 -12 -35 -26 -35 -31 0 -5 -11 -11 -25
-15 -14 -3 -25 -12 -25 -20 0 -8 -6 -14 -14 -14 -8 0 -16 -7 -20 -15 -3 -8 -14 -15
-25 -15 -10 0 -26 -11 -35 -24 -8 -14 -24 -27 -35 -31 -24 -7 -85 -64 -94 -87 -3
-10 -13 -18 -21 -18 -27 0 -64 -22 -69 -41 -3 -11 -14 -19 -25 -19 -12 0 -24 -5
-27 -10 -11 -18 -79 -57 -109 -62 -26 -5 -150 37 -181 62 -17 14 -293 129 -434 182
-156 58 -263 93 -341 113 -30 8 -80 21 -110 30 -160 46 -451 103 -740 144 -182 26
-517 43 -735 38 -329 -9 -531 -29 -875 -89 -146 -25 -444 -99 -575 -143 -38 -13
-85 -26 -104 -30 -18 -4 -86 -27 -150 -52 -64 -25 -125 -47 -136 -50 -11 -4 -29
-12 -40 -20 -11 -7 -25 -13 -33 -13 -7 0 -37 -11 -65 -23 -29 -13 -90 -41 -137 -61
-263 -116 -728 -391 -945 -558 -210 -163 -366 -294 -541 -458 -120 -113 -197 -152
-310 -158 -78 -4 -85 -3 -166 35 -91 43 -120 72 -194 193 -69 112 -71 120 -36 183
67 121 125 196 229 293 288 268 528 463 768 621 184 121 239 155 350 218 66 37 136
77 155 89 102 63 456 227 670 311 52 20 110 44 129 52 19 8 69 25 110 39 42 13 83
27 91 31 21 9 194 58 350 100 226 60 573 129 775 153 199 23 472 61 485 67 24 10
231 41 280 42 25 0 90 -6 145 -15z m1768 -2370 c389 -208 619 -366 899 -620 202
-183 259 -284 244 -428 -21 -188 -169 -320 -359 -319 -110 1 -187 40 -327 169 -191
175 -376 313 -632 472 -56 35 -280 148 -388 196 -83 36 -309 116 -331 116 -9 0 -20
7 -23 16 -7 19 3 64 15 64 4 0 21 12 37 28 43 40 71 62 80 62 4 0 15 9 25 20 9 11
24 20 32 20 8 0 15 7 15 17 0 9 3 13 7 10 3 -4 25 9 49 28 23 19 46 35 51 35 13 1
48 34 56 53 3 9 15 17 26 17 11 0 24 6 28 13 4 7 21 21 37 31 15 10 31 27 33 37 4
14 11 18 24 14 12 -4 21 1 29 15 6 11 18 20 28 20 9 1 33 9 52 19 45 24 59 19 293
-105z" />
        <path
            android:fillColor="#000000"
            android:strokeWidth="1"
            android:pathData="M4165 4910 c-82 -4 -166 -12 -185 -19 -19 -6 -62 -11 -95 -11 -33 -1 -78 -7 -100
-15 -22 -8 -59 -15 -83 -15 -23 0 -59 -7 -79 -15 -19 -8 -52 -15 -72 -15 -20 -1
-47 -7 -61 -15 -14 -8 -41 -15 -60 -15 -19 0 -46 -7 -60 -15 -14 -8 -38 -15 -55
-15 -16 0 -41 -7 -55 -15 -14 -8 -36 -15 -50 -15 -14 0 -34 -7 -44 -15 -11 -8 -31
-15 -45 -15 -14 0 -35 -7 -45 -15 -11 -8 -29 -15 -41 -15 -12 0 -30 -7 -41 -15 -10
-8 -27 -15 -36 -15 -9 0 -30 -7 -47 -15 -17 -8 -45 -22 -62 -30 -17 -8 -39 -15 -49
-15 -9 0 -23 -7 -30 -15 -7 -8 -19 -15 -27 -15 -13 0 -48 -15 -93 -41 -8 -5 -22
-12 -30 -15 -8 -3 -22 -10 -30 -15 -8 -5 -22 -12 -30 -15 -8 -3 -22 -10 -30 -15 -8
-5 -22 -12 -30 -15 -8 -3 -22 -10 -30 -15 -8 -5 -37 -20 -65 -34 -27 -15 -63 -35
-80 -45 -16 -11 -39 -24 -50 -30 -11 -6 -33 -19 -50 -30 -16 -11 -40 -25 -52 -31
-13 -7 -23 -15 -23 -19 0 -4 -8 -11 -17 -14 -28 -10 -56 -29 -88 -58 -17 -16 -33
-28 -38 -28 -7 0 -130 -92 -247 -186 -152 -121 -352 -321 -381 -380 -11 -24 -25
-46 -30 -50 -5 -3 -9 -17 -9 -32 0 -15 -7 -45 -15 -67 -19 -52 -19 -122 0 -175 8
-23 15 -53 15 -65 0 -12 7 -28 15 -35 8 -7 15 -19 15 -27 0 -17 33 -65 80 -117 53
-58 164 -126 206 -126 12 0 39 -7 59 -16 53 -22 198 -6 255 27 8 5 20 11 25 13 62
25 84 41 159 113 192 187 478 406 641 493 11 6 34 19 50 30 17 11 37 22 45 26 8 3
22 10 30 15 8 5 22 12 30 15 30 12 36 15 79 39 24 14 50 25 56 25 7 0 18 7 25 15 7
8 23 15 35 15 12 0 28 7 35 15 7 8 23 15 35 15 12 0 28 7 35 15 7 8 25 15 40 15 15
0 33 7 40 15 7 8 24 15 39 15 14 0 35 7 45 15 11 8 32 15 46 15 14 0 35 7 46 15 10
8 33 15 49 15 17 0 41 7 55 15 14 8 41 15 60 15 19 0 46 7 60 15 14 8 42 14 62 15
20 0 49 5 65 11 15 7 62 15 103 19 41 4 95 14 120 20 32 9 151 13 410 13 310 0 375
-2 428 -16 35 -9 89 -17 121 -17 56 0 81 -11 81 -37 0 -8 -11 -18 -25 -23 -43 -16
-102 -59 -443 -315 -182 -137 -347 -260 -365 -273 -17 -13 -41 -31 -52 -40 -11 -9
-49 -40 -85 -69 -72 -58 -110 -96 -110 -110 0 -13 -99 -118 -137 -146 -17 -12 -62
-47 -99 -78 -69 -56 -801 -609 -878 -663 -23 -16 -55 -40 -73 -55 -97 -80 -198
-138 -225 -128 -7 2 -26 -2 -43 -11 -28 -13 -174 -112 -202 -137 -24 -20 -38 -31
-73 -55 -19 -13 -41 -30 -48 -37 -8 -7 -35 -27 -60 -45 -26 -17 -49 -35 -52 -38 -3
-3 -288 -220 -635 -480 -346 -261 -636 -480 -643 -487 -7 -7 -16 -13 -20 -13 -4 0
-21 -13 -38 -28 -18 -15 -42 -34 -54 -42 -42 -28 -115 -84 -140 -107 -14 -13 -28
-23 -32 -23 -3 0 -13 -6 -20 -13 -7 -7 -114 -89 -238 -182 -267 -200 -330 -252
-330 -271 0 -43 68 2 541 358 273 205 509 383 525 396 59 45 248 188 278 210 17 12
46 35 65 50 19 15 53 41 77 57 23 17 125 93 226 169 100 77 320 243 488 370 168
126 327 250 353 275 27 25 54 46 60 46 6 0 14 -13 18 -30 12 -47 35 -105 47 -117 7
-7 12 -16 12 -21 0 -4 15 -28 34 -53 39 -51 101 -100 161 -128 22 -10 53 -25 68
-32 41 -20 256 -19 283 1 10 8 29 15 41 15 12 0 24 4 27 9 3 5 25 19 48 31 24 12
74 53 113 90 66 65 182 158 215 173 8 4 29 16 45 26 17 11 64 36 105 56 41 20 88
42 103 50 16 8 36 15 46 15 9 0 26 7 37 15 10 8 33 15 49 15 17 0 41 7 55 15 14 8
41 14 61 15 20 0 58 7 85 15 69 21 379 21 448 0 27 -8 65 -15 85 -15 20 -1 47 -7
61 -15 14 -8 39 -15 55 -15 17 0 39 -7 49 -15 11 -8 28 -15 37 -15 10 0 30 -7 46
-14 15 -8 62 -31 103 -51 41 -20 89 -45 105 -55 17 -11 37 -23 45 -27 33 -15 149
-108 215 -172 69 -66 135 -112 205 -140 53 -22 273 -27 302 -7 12 9 32 16 44 16 12
0 27 7 34 15 7 8 19 15 26 15 19 0 150 130 164 161 5 13 14 31 19 39 40 70 44 90
43 215 0 98 -3 130 -16 150 -9 13 -16 33 -16 43 0 11 -7 25 -15 32 -8 7 -15 18 -15
25 0 18 -199 214 -271 266 -32 24 -59 47 -59 51 0 5 -7 8 -15 8 -8 0 -15 5 -15 10
0 6 -8 13 -17 17 -10 3 -34 18 -53 32 -49 36 -72 51 -92 57 -10 4 -18 10 -18 14 0
5 -12 13 -27 19 -16 7 -55 27 -88 46 -33 19 -67 37 -75 41 -8 3 -30 12 -47 20 -18
8 -50 22 -70 31 -21 9 -50 22 -65 30 -14 7 -35 13 -45 13 -11 0 -28 7 -39 15 -10 8
-30 15 -44 15 -14 0 -36 7 -50 15 -14 8 -38 15 -55 15 -16 0 -41 7 -55 15 -14 8
-39 14 -56 15 -17 0 -51 7 -74 15 -23 8 -63 15 -89 15 -25 0 -78 7 -116 15 -98 21
-420 20 -521 -1 -84 -17 -145 -16 -152 4 -2 6 2 12 10 12 22 0 372 240 408 279 3 3
21 17 40 31 19 13 40 28 45 32 24 19 151 115 186 140 20 14 62 46 92 70 30 23 68
53 83 64 112 83 183 146 198 175 41 83 47 89 271 257 99 75 185 140 190 144 18 15
226 172 274 206 76 55 149 102 159 102 5 0 15 7 22 15 16 19 -3 45 -34 45 -11 0
-30 7 -40 15 -11 8 -29 15 -41 15 -12 0 -30 7 -41 15 -10 8 -31 15 -45 15 -14 0
-34 7 -45 15 -10 8 -30 15 -44 15 -14 0 -36 7 -50 15 -14 8 -38 15 -55 15 -16 0
-41 7 -55 15 -14 8 -41 15 -60 15 -19 0 -46 7 -60 15 -14 8 -41 14 -61 15 -20 0
-53 7 -72 15 -20 8 -56 15 -79 15 -24 0 -61 7 -83 15 -22 8 -67 14 -100 15 -33 0
-84 7 -114 15 -65 17 -584 27 -816 15z m760 -136 c198 -22 373 -52 555 -96 159 -39
337 -93 353 -107 9 -9 -21 -71 -34 -71 -15 0 -111 -70 -146 -106 -18 -19 -40 -34
-49 -34 -8 0 -27 -13 -41 -30 -13 -16 -31 -30 -39 -30 -8 0 -17 -6 -20 -14 -3 -7
-22 -22 -42 -32 -20 -11 -50 -31 -65 -46 -16 -16 -33 -28 -38 -28 -5 0 -9 -7 -9
-15 0 -8 -9 -15 -20 -15 -11 0 -20 -3 -20 -8 0 -4 -17 -16 -37 -27 -20 -11 -41 -25
-47 -30 -55 -52 -126 -63 -246 -40 -154 29 -296 37 -580 31 -268 -6 -311 -10 -567
-55 -63 -12 -266 -61 -325 -80 -378 -120 -650 -250 -953 -455 -142 -96 -398 -307
-490 -402 -36 -38 -147 -91 -216 -104 -56 -10 -76 -9 -130 4 -166 43 -258 149 -275
318 -13 133 44 238 213 394 221 203 413 348 663 499 93 56 427 235 439 235 3 0 51
19 106 41 385 159 728 248 1150 300 242 29 661 31 910 3z m-238 -1828 c162 -16 195
-21 358 -58 156 -35 368 -113 503 -185 37 -19 81 -42 97 -51 50 -26 257 -163 304
-201 81 -66 211 -205 244 -261 31 -53 32 -59 32 -165 0 -100 -3 -114 -28 -160 -40
-75 -85 -119 -157 -156 -60 -31 -72 -34 -155 -33 -122 1 -181 29 -345 166 -156 130
-226 176 -365 243 -149 72 -235 99 -425 136 -125 24 -373 25 -510 2 -77 -13 -117
-23 -275 -70 -71 -21 -258 -113 -336 -165 -75 -49 -164 -119 -253 -197 -33 -30 -90
-68 -126 -84 -58 -27 -75 -31 -155 -30 -103 0 -158 19 -232 80 -45 37 -93 115 -93
152 0 11 18 41 40 66 22 25 40 50 40 56 0 5 9 9 21 9 11 0 40 20 65 45 24 25 51 45
59 45 8 0 15 5 15 10 0 6 8 13 18 17 9 4 32 19 50 35 18 15 39 28 47 28 8 0 22 11
31 25 9 13 24 27 35 30 10 4 19 13 19 21 0 8 7 14 15 14 22 0 65 30 65 45 0 7 12
18 28 24 40 17 118 75 148 110 14 17 32 31 40 31 7 0 28 12 46 28 18 15 46 34 61
42 16 8 33 22 38 32 5 10 16 18 24 18 8 0 18 6 22 13 4 8 22 22 38 32 17 11 45 32
63 47 18 15 38 28 43 28 6 0 20 11 31 25 11 14 25 25 32 25 6 0 21 7 31 15 100 78
180 112 285 122 30 2 56 5 57 6 9 10 284 5 410 -7z" />
        <path
            android:fillColor="#000000"
            android:strokeWidth="1"
            android:pathData="M3870 3004 c-14 -7 -37 -14 -51 -14 -14 0 -34 -7 -45 -15 -10 -8 -31 -15 -45 -15
-14 0 -34 -7 -45 -15 -10 -8 -31 -15 -45 -15 -15 0 -32 -7 -39 -15 -7 -8 -21 -15
-30 -15 -16 0 -52 -15 -100 -42 -8 -4 -22 -11 -30 -14 -62 -26 -190 -95 -260 -142
-34 -23 -64 -42 -67 -42 -6 0 -161 -118 -197 -149 -95 -85 -224 -222 -240 -256 -10
-22 -24 -51 -31 -65 -18 -36 -30 -166 -15 -175 6 -4 36 17 72 52 76 73 75 72 126
107 23 16 42 31 42 35 0 3 25 22 55 41 30 19 55 38 55 41 0 4 26 24 58 45 31 22 59
42 62 45 14 17 460 349 469 349 6 0 11 4 11 9 0 5 26 26 57 47 32 22 62 43 68 47
51 40 142 100 198 131 37 20 65 41 62 47 -9 13 -66 9 -95 -7z" />
        <path
            android:fillColor="#000000"
            android:strokeWidth="1"
            android:pathData="M4415 1269 c-22 -6 -60 -13 -85 -18 -25 -4 -54 -12 -65 -18 -11 -5 -38 -19 -60 -29
-22 -10 -53 -28 -70 -38 -44 -29 -185 -174 -185 -190 0 -7 -7 -19 -15 -26 -8 -7
-15 -20 -15 -30 0 -10 -7 -23 -15 -30 -8 -7 -15 -21 -15 -32 0 -10 -7 -32 -15 -49
-23 -43 -23 -319 0 -351 8 -13 15 -30 15 -40 0 -23 59 -136 90 -172 142 -162 257
-226 407 -226 42 0 73 -4 73 -10 0 -5 14 -10 30 -10 17 0 30 5 30 10 0 6 31 10 73
10 150 0 265 64 407 226 31 36 90 149 90 172 0 10 7 27 15 40 13 17 16 53 16 171 0
116 -4 157 -16 180 -8 17 -15 39 -15 49 0 11 -7 25 -15 32 -8 7 -15 20 -15 30 0 10
-7 23 -15 30 -8 7 -15 19 -15 26 0 16 -141 161 -185 190 -16 10 -48 28 -70 38 -22
11 -52 25 -67 33 -14 7 -40 13 -58 13 -17 0 -39 4 -49 10 -28 14 -141 20 -186 9z
m197 -140 c165 -36 312 -167 367 -329 28 -85 30 -242 2 -321 -38 -110 -107 -208
-193 -272 -18 -13 -69 -43 -113 -67 -44 -23 -92 -52 -107 -65 -59 -50 -87 -44 -223
45 -33 21 -66 39 -73 39 -35 2 -157 107 -210 182 -69 97 -108 280 -82 391 37 159
154 309 280 360 36 14 79 30 95 36 42 14 193 14 257 1z" />
    </group>
</vector>
